image: map.pgm
resolution: 0.050000
origin: [-40.578799, -73.958405, 0.0]
negate: 0
occupied_thresh: 0.65
free_thresh: 0.196
